1229+020 -53.69  1.96  0.0044  0.0450 -0.0081  0.0182  0.0596  0.0547 -0.0413 -0.0031 -0.0070  0.0577
1229+020 -48.80  1.96  0.0213  0.0619  0.0095  0.0402 -0.0438  0.0344 -0.0365  0.0045  0.0249  0.0492
1256-057 -53.07 -5.88  0.0333  0.0487 -0.0162  0.0595  0.0273  0.0163  0.0168  0.0543  0.0543 -0.0559
1229+020 -43.78  1.96  0.0479 -0.0432  0.0332 -0.0553 -0.0098  0.0152 -0.0278  0.0146 -0.0530  0.0416
1256-057 -48.05 -5.88  0.0497 -0.0634 -0.0002 -0.0426  0.0504 -0.0057  0.0171  0.0628 -0.0296  0.0605
1331+305 -54.26 30.42  0.0610 -0.0594  0.0538  0.0217 -0.0580  0.0087 -0.0563 -0.0342 -0.0539 -0.0264
1229+020 -36.27  1.96  0.0461 -0.0136  0.0625 -0.0118  0.0326 -0.0189 -0.0187  0.0214 -0.0267  0.0281
1256-057 -40.53 -5.88  0.0390 -0.0318  0.0359  0.0039 -0.0258 -0.0339  0.0332 -0.0484  0.0306  0.0442
1331+305 -46.74 30.42  0.0432 -0.0387 -0.0540  0.0538 -0.0274 -0.0276 -0.0528 -0.0375 -0.0281 -0.0083
1229+020 -28.75  1.96  0.0073  0.0229 -0.0263  0.0376 -0.0457 -0.0461 -0.0105  0.0332 -0.0043  0.0251
1256-057 -33.01 -5.88  0.0055  0.0043 -0.0604  0.0468  0.0207  0.0599  0.0436 -0.0407  0.0519  0.0395
1331+305 -39.22 30.42  0.0133 -0.0223 -0.0312 -0.0364  0.0012 -0.0550 -0.0364 -0.0195  0.0397 -0.0077
1229+020 -21.23  1.96  0.0284  0.0503  0.0078 -0.0453 -0.0105  0.0613 -0.0053  0.0470  0.0166  0.0203
1256-057 -25.49 -5.88  0.0505  0.0433 -0.0127 -0.0198 -0.0595  0.0418  0.0566 -0.0297 -0.0508  0.0377
1331+305 -31.69 30.42  0.0126  0.0071 -0.0001 -0.0028  0.0451  0.0497 -0.0573 -0.0279 -0.0613 -0.0211
1229+020 -13.71  1.96  0.0513 -0.0578  0.0318 -0.0167  0.0171  0.0449  0.0027  0.0570  0.0299  0.0158
1256-057 -17.97 -5.88 -0.0571  0.0612  0.0116  0.0044 -0.0288  0.0228  0.0610 -0.0310 -0.0363  0.0334
1331+305 -24.18 30.42  0.0374  0.0215  0.0190  0.0250 -0.0618  0.0258 -0.0425 -0.0069 -0.0415 -0.0352
1229+020  -6.19  1.96 -0.0624 -0.0496  0.0416 -0.0005  0.0316  0.0301  0.0030 -0.0596  0.0319  0.0103
1256-057 -10.45 -5.88 -0.0432 -0.0480  0.0294  0.0337 -0.0085  0.0105  0.0620 -0.0086 -0.0257  0.0312
1331+305 -16.65 30.42  0.0542  0.0451  0.0343  0.0524 -0.0378  0.0141 -0.0424 -0.0021 -0.0352 -0.0312
1229+020   1.33  1.96 -0.0583 -0.0451  0.0463  0.0096  0.0399  0.0228 -0.0027 -0.0566  0.0334 -0.0082
1256-057  -2.93 -5.88 -0.0286 -0.0331  0.0444  0.0539  0.0099  0.0007 -0.0595 -0.0053 -0.0243  0.0299
1331+305  -9.13 30.42 -0.0516  0.0533  0.0547 -0.0534 -0.0147  0.0030 -0.0410  0.0155 -0.0307 -0.0329
1229+020   8.92  1.96  0.0629 -0.0533  0.0371  0.0103  0.0331  0.0170 -0.0107 -0.0552  0.0176 -0.0296
1256-057   4.60 -5.88 -0.0314 -0.0474  0.0329  0.0518  0.0031 -0.0078  0.0571  0.0039 -0.0328 -0.0077
1331+305  -1.61 30.42 -0.0518  0.0568  0.0579 -0.0452 -0.0025 -0.0169 -0.0386  0.0079 -0.0376 -0.0448
1229+020  16.38  1.96  0.0386  0.0483  0.0204 -0.0105  0.0093  0.0126 -0.0128 -0.0579 -0.0181 -0.0308
1256-057  12.11 -5.88 -0.0518  0.0562  0.0177  0.0353 -0.0186 -0.0161  0.0449  0.0036 -0.0601 -0.0200
1331+305   5.91 30.42 -0.0523  0.0518  0.0612 -0.0435 -0.0083 -0.0324 -0.0374  0.0053 -0.0478  0.0552
1229+020  23.90  1.96  0.0235  0.0298  0.0060 -0.0307 -0.0073  0.0156 -0.0092 -0.0603 -0.0520 -0.0305
1256-057  19.63 -5.88  0.0557  0.0378  0.0048  0.0136 -0.0303 -0.0188  0.0431 -0.0472  0.0335 -0.0234
1331+305  13.43 30.42 -0.0558  0.0475  0.0542 -0.0410 -0.0112 -0.0377 -0.0527  0.0086  0.0584  0.0574
